212771
212781
220121
220146
220168
220433
220512
220654
220659
220742
220769
220966
221006
221126
221179
221210
221215
221319
221503
221552
221566
221660
221668
221762
221847
221857
221928
221968
222067
222074
222327
222689
222832
222974
230149
230187
230294
230378
230772
230790
230815
230924
230967
231003
231412
231750
231854
231935
232032
232045
232078
232106
232226
232729
232908
240419
240423
240508
240530
240801
240834
240928
241069
241146
241192
241483
241520
241557
241592
241595
241600
241849
242120
242169
242206
242216
242542
242566
242594
242690
242724
242994
243142
243180
243240
243316
243324
243378
243468
243494